//========================================================================
// cgra_ubmark-fir.dat
//========================================================================
// Data used in FIR calculation

int n = 100;

int ref_sum = 2773845;

int data[] = {
  249,
  788,
  212,
  205,
  244,
  693,
  903,
  889,
  460,
  516,
  862,
  612,
  234,
  832,
  346,
  532,
  176,
  332,
  174,
  175,
  699,
  391,
  803,
  39,
  855,
  710,
  323,
  268,
  256,
  806,
  188,
  274,
  278,
  647,
  407,
  665,
  211,
  402,
  770,
  428,
  653,
  433,
  850,
  517,
  263,
  836,
  626,
  210,
  795,
  243,
  424,
  119,
  896,
  181,
  172,
  222,
  879,
  27,
  546,
  98,
  766,
  127,
  22,
  144,
  122,
  454,
  496,
  217,
  944,
  910,
  592,
  759,
  585,
  620,
  643,
  973,
  971,
  99,
  870,
  88,
  177,
  360,
  577,
  137,
  820,
  262,
  221,
  955,
  826,
  467,
  749,
  485,
  451,
  878,
  72,
  6,
  110,
  902,
  566,
  890,
};

int coeff[] = {
  40,
  89,
  42,
  15,
  66,
  91,
  1,
  24,
  77,
  82,
  23,
  20,
  52,
  86,
  86,
  90,
  32,
  96,
  55,
  53,
  33,
  95,
  17,
  28,
  93,
  32,
  84,
  27,
  100,
  68,
  36,
  97,
  76,
  6,
  40,
  35,
  4,
  57,
  95,
  26,
  33,
  2,
  59,
  70,
  46,
  65,
  4,
  38,
  24,
  18,
  85,
  38,
  72,
  87,
  28,
  77,
  81,
  58,
  90,
  51,
  58,
  88,
  72,
  47,
  6,
  57,
  3,
  77,
  75,
  80,
  89,
  41,
  64,
  49,
  100,
  91,
  98,
  75,
  31,
  49,
  74,
  68,
  72,
  17,
  87,
  80,
  86,
  66,
  68,
  13,
  88,
  84,
  23,
  32,
  76,
  32,
  45,
  36,
  96,
  28,
};
