//========================================================================
// cgra_ubmark-fft.dat
//========================================================================
// Data used in FFT calculation

#define NPOINTS 256

// aka #iters

int buttersPerGroup = 100;

// In the full FFT implementation, these two variables are calculated
// based on the coefficient arrays. But in the inner most loop, we can 
// simply treat them as constants.

int Wr = 903;
int Wi = 213;

// Randomly generated input arrays

int data_real[NPOINTS] = {
  242,
  245,
  247,
  82,
  18,
  149,
  87,
  4,
  5,
  174,
  171,
  187,
  134,
  14,
  63,
  178,
  91,
  155,
  27,
  3,
  200,
  172,
  191,
  4,
  111,
  3,
  168,
  137,
  188,
  181,
  122,
  135,
  135,
  155,
  118,
  144,
  255,
  173,
  200,
  60,
  76,
  106,
  94,
  86,
  167,
  158,
  205,
  141,
  101,
  11,
  227,
  210,
  254,
  55,
  62,
  133,
  106,
  70,
  142,
  177,
  114,
  81,
  87,
  207,
  54,
  44,
  57,
  121,
  90,
  31,
  189,
  37,
  32,
  24,
  129,
  168,
  185,
  163,
  57,
  236,
  1,
  218,
  232,
  192,
  98,
  158,
  92,
  72,
  211,
  43,
  40,
  251,
  72,
  200,
  165,
  119,
  208,
  253,
  64,
  167,
  134,
  219,
  190,
  8,
  150,
  96,
  161,
  153,
  0,
  133,
  14,
  21,
  101,
  215,
  152,
  173,
  218,
  63,
  176,
  29,
  244,
  231,
  99,
  184,
  82,
  228,
  68,
  110,
  248,
  63,
  84,
  78,
  44,
  194,
  252,
  49,
  93,
  246,
  208,
  82,
  67,
  171,
  165,
  33,
  176,
  188,
  0,
  188,
  16,
  29,
  166,
  103,
  27,
  221,
  35,
  241,
  230,
  193,
  218,
  225,
  242,
  18,
  221,
  236,
  187,
  193,
  167,
  42,
  112,
  140,
  89,
  169,
  111,
  6,
  39,
  6,
  1,
  138,
  120,
  7,
  228,
  30,
  79,
  219,
  45,
  20,
  189,
  33,
  243,
  210,
  145,
  136,
  109,
  246,
  131,
  61,
  32,
  69,
  27,
  97,
  138,
  13,
  30,
  193,
  145,
  249,
  249,
  203,
  0,
  146,
  14,
  199,
  158,
  228,
  165,
  131,
  83,
  30,
  39,
  162,
  82,
  180,
  149,
  148,
  100,
  47,
  159,
  253,
  203,
  42,
  210,
  15,
  78,
  245,
  5,
  186,
  69,
  230,
  254,
  55,
  115,
  112,
  70,
  127,
  146,
  187,
  108,
  243,
  130,
  101,
  85,
  158,
  136,
  190,
  133,
  158,
};

int data_imag[NPOINTS] = {
  141,
  141,
  208,
  125,
  226,
  175,
  158,
  164,
  17,
  163,
  147,
  249,
  238,
  144,
  17,
  167,
  187,
  185,
  118,
  48,
  17,
  53,
  236,
  188,
  226,
  83,
  9,
  98,
  154,
  207,
  23,
  52,
  234,
  72,
  25,
  241,
  29,
  46,
  49,
  48,
  108,
  176,
  186,
  227,
  168,
  77,
  27,
  75,
  65,
  35,
  126,
  118,
  68,
  65,
  247,
  100,
  32,
  192,
  256,
  134,
  230,
  199,
  204,
  72,
  40,
  253,
  50,
  113,
  206,
  150,
  224,
  177,
  245,
  122,
  241,
  105,
  37,
  145,
  209,
  73,
  201,
  186,
  121,
  219,
  182,
  174,
  71,
  93,
  89,
  69,
  118,
  47,
  211,
  111,
  222,
  124,
  51,
  117,
  226,
  158,
  200,
  21,
  1,
  195,
  197,
  100,
  166,
  170,
  186,
  79,
  119,
  1,
  251,
  87,
  206,
  167,
  190,
  92,
  159,
  75,
  15,
  235,
  77,
  217,
  104,
  67,
  234,
  93,
  46,
  178,
  103,
  154,
  114,
  73,
  50,
  37,
  67,
  163,
  101,
  130,
  185,
  210,
  69,
  142,
  78,
  61,
  152,
  53,
  141,
  33,
  11,
  0,
  14,
  137,
  164,
  179,
  202,
  26,
  142,
  202,
  64,
  58,
  40,
  136,
  97,
  132,
  35,
  49,
  161,
  237,
  196,
  145,
  92,
  70,
  2,
  110,
  189,
  200,
  106,
  189,
  231,
  135,
  14,
  171,
  83,
  23,
  165,
  64,
  162,
  248,
  46,
  41,
  23,
  243,
  251,
  242,
  140,
  195,
  29,
  230,
  163,
  43,
  237,
  139,
  162,
  224,
  148,
  32,
  220,
  186,
  155,
  152,
  153,
  3,
  178,
  158,
  97,
  1,
  95,
  209,
  104,
  181,
  51,
  215,
  145,
  121,
  149,
  181,
  254,
  221,
  48,
  107,
  139,
  209,
  76,
  50,
  133,
  139,
  39,
  163,
  206,
  88,
  10,
  150,
  92,
  174,
  212,
  186,
  200,
  256,
  202,
  143,
  247,
  189,
  214,
  196,
};

// Reference arrays

int ref_data_real[NPOINTS] = {
  78644,
  193529,
  171604,
  -34229,
  93507,
  65537,
  110112,
  101953,
  -39613,
  103446,
  -12534,
  18937,
  37874,
  175628,
  93441,
  120826,
  156475,
  37448,
  125088,
  10215,
  217337,
  158710,
  73187,
  119935,
  52005,
  191616,
  11730,
  79658,
  214334,
  19156,
  54035,
  37767,
  15585,
  159788,
  217024,
  36510,
  69963,
  187592,
  166511,
  46416,
  21172,
  109789,
  134392,
  -361,
  142481,
  156929,
  -32171,
  158616,
  -15484,
  19169,
  147782,
  93219,
  21653,
  170437,
  -3265,
  179629,
  164770,
  168811,
  166750,
  160326,
  205008,
  3981,
  191130,
  184347,
  148254,
  146207,
  143403,
  27610,
  66933,
  75970,
  38808,
  121759,
  80669,
  -9468,
  34920,
  -17844,
  -39169,
  82177,
  85839,
  -33700,
  156682,
  -1447,
  68587,
  161526,
  23054,
  13319,
  135614,
  16239,
  185134,
  136849,
  121177,
  114326,
  93600,
  170579,
  64995,
  3656,
  -716,
  21025,
  18268,
  38768,
  -78160,
  -193039,
  -171110,
  34393,
  -93471,
  -65239,
  -109938,
  -101945,
  39623,
  -103098,
  12876,
  -18563,
  -37606,
  -175600,
  -93315,
  -120470,
  -156293,
  -37138,
  -125034,
  -10209,
  -216937,
  -158366,
  -72805,
  -119927,
  -51783,
  -191610,
  -11394,
  -79384,
  -213958,
  -18794,
  -53791,
  -37497,
  -15315,
  -159478,
  -216788,
  -36222,
  -69453,
  -187246,
  -166111,
  -46296,
  -21020,
  -109577,
  -134204,
  533,
  -142147,
  -156613,
  32581,
  -158334,
  15686,
  -19147,
  -147328,
  -92799,
  -21145,
  -170327,
  3389,
  -179363,
  -164558,
  -168671,
  -166466,
  -159972,
  -204780,
  -3819,
  -190956,
  -183933,
  -148146,
  -146119,
  -143289,
  -27368,
  -66753,
  -75908,
  -38430,
  -121685,
  -80605,
  9516,
  -34662,
  18180,
  39539,
  -81851,
  -85725,
  34172,
  -156680,
  1883,
  -68123,
  -161142,
  -22858,
  -13003,
  -135430,
  -16095,
  -184712,
  -136763,
  -121097,
  -113824,
  -93456,
  -170179,
  -64665,
  -3418,
  1132,
  -20519,
  -18140,
  -38434,
  138,
  13,
  30,
  193,
  145,
  249,
  249,
  203,
  0,
  146,
  14,
  199,
  158,
  228,
  165,
  131,
  83,
  30,
  39,
  162,
  82,
  180,
  149,
  148,
  100,
  47,
  159,
  253,
  203,
  42,
  210,
  15,
  78,
  245,
  5,
  186,
  69,
  230,
  254,
  55,
  115,
  112,
  70,
  127,
  146,
  187,
  108,
  243,
  130,
  101,
  85,
  158,
  136,
  190,
  133,
  158,
};

int ref_data_imag[NPOINTS] = {
  209283,
  65751,
  41581,
  177914,
  210067,
  110923,
  184349,
  186263,
  167975,
  99829,
  110586,
  5625,
  248404,
  124500,
  218411,
  187817,
  218191,
  96680,
  181183,
  73950,
  65534,
  261461,
  90854,
  235331,
  111604,
  109148,
  225795,
  107507,
  94516,
  174360,
  110924,
  155728,
  112548,
  107313,
  98851,
  44089,
  80339,
  199633,
  135556,
  134904,
  181434,
  226229,
  97638,
  135482,
  108090,
  95204,
  137283,
  87978,
  130796,
  36011,
  45417,
  22057,
  18461,
  170849,
  155794,
  213070,
  231428,
  64779,
  174916,
  230465,
  109568,
  56407,
  83397,
  173148,
  127462,
  160558,
  67226,
  53306,
  169445,
  243981,
  196169,
  167109,
  106964,
  64610,
  10354,
  100713,
  170917,
  210139,
  121487,
  172231,
  257358,
  128481,
  29590,
  201279,
  84716,
  25203,
  189323,
  64914,
  198134,
  268743,
  72541,
  66038,
  44197,
  271938,
  254778,
  231643,
  133287,
  190899,
  32164,
  228509,
  -130498,
  127919,
  130231,
  -212018,
  -116334,
  -45211,
  -74079,
  -84146,
  -207571,
  3780,
  -122973,
  13561,
  -210292,
  51272,
  -124953,
  -66824,
  -61529,
  -59047,
  -55977,
  -63687,
  151820,
  -102698,
  -17431,
  -115208,
  -59373,
  82551,
  -214056,
  -27751,
  119972,
  -154997,
  -56866,
  -117909,
  -96729,
  52547,
  118198,
  -7338,
  -10347,
  -11995,
  31004,
  -88440,
  -160154,
  -116264,
  36940,
  -135616,
  34559,
  61802,
  -169427,
  70713,
  -146215,
  -16807,
  102491,
  71280,
  3260,
  -347,
  -158812,
  -33341,
  -66626,
  104224,
  -7910,
  -70005,
  95670,
  -52227,
  107937,
  11271,
  20832,
  -14098,
  76227,
  -25583,
  -102306,
  -167861,
  -157137,
  -45173,
  -26050,
  -73956,
  24807,
  -118452,
  -210049,
  -127817,
  -35439,
  -205858,
  -100475,
  -129742,
  39118,
  -39534,
  -61480,
  -11710,
  -53638,
  -48582,
  -12911,
  -131825,
  48754,
  48335,
  49614,
  -101248,
  -189561,
  -227863,
  -133952,
  -169757,
  -13670,
  -189583,
  163,
  43,
  237,
  139,
  162,
  224,
  148,
  32,
  220,
  186,
  155,
  152,
  153,
  3,
  178,
  158,
  97,
  1,
  95,
  209,
  104,
  181,
  51,
  215,
  145,
  121,
  149,
  181,
  254,
  221,
  48,
  107,
  139,
  209,
  76,
  50,
  133,
  139,
  39,
  163,
  206,
  88,
  10,
  150,
  92,
  174,
  212,
  186,
  200,
  256,
  202,
  143,
  247,
  189,
  214,
  196,
};
