//========================================================================
// cgra_ubmark-latnrm.dat
//========================================================================
// Data used in latnrm calculation

#define ORDER 100

int niters = ORDER;

// Randomly generated input arrays

int input = 244;

int coefficient[2*ORDER] = {
  127,
  74,
  123,
  5,
  105,
  61,
  106,
  213,
  113,
  181,
  229,
  115,
  169,
  190,
  119,
  45,
  152,
  44,
  144,
  116,
  115,
  214,
  115,
  223,
  252,
  172,
  20,
  13,
  69,
  239,
  212,
  90,
  204,
  143,
  106,
  114,
  85,
  166,
  99,
  81,
  238,
  100,
  233,
  153,
  101,
  233,
  215,
  55,
  154,
  186,
  29,
  20,
  89,
  42,
  229,
  148,
  190,
  17,
  215,
  26,
  82,
  244,
  185,
  123,
  22,
  65,
  235,
  224,
  178,
  180,
  26,
  138,
  146,
  223,
  88,
  247,
  128,
  200,
  193,
  202,
  30,
  154,
  227,
  90,
  202,
  17,
  234,
  165,
  247,
  25,
  28,
  40,
  100,
  0,
  136,
  149,
  158,
  141,
  60,
  190,
  30,
  171,
  85,
  101,
  215,
  19,
  53,
  31,
  78,
  118,
  2,
  34,
  189,
  102,
  166,
  200,
  198,
  191,
  64,
  182,
  33,
  202,
  202,
  127,
  250,
  151,
  137,
  52,
  80,
  198,
  225,
  38,
  141,
  238,
  193,
  110,
  3,
  31,
  122,
  70,
  246,
  5,
  90,
  39,
  96,
  130,
  141,
  92,
  215,
  74,
  233,
  43,
  4,
  58,
  96,
  173,
  84,
  50,
  238,
  137,
  77,
  229,
  132,
  110,
  32,
  27,
  216,
  126,
  220,
  71,
  173,
  154,
  38,
  56,
  71,
  31,
  155,
  144,
  128,
  192,
  16,
  60,
  205,
  110,
  172,
  142,
  140,
  199,
  71,
  38,
  237,
  195,
  57,
  232,
  152,
  230,
  163,
  203,
  210,
  115,
};

int internal_state[2*ORDER] = {
  99,
  92,
  166,
  32,
  61,
  215,
  173,
  86,
  146,
  67,
  38,
  251,
  197,
  77,
  13,
  53,
  225,
  198,
  116,
  168,
  123,
  30,
  187,
  37,
  93,
  38,
  138,
  116,
  140,
  43,
  181,
  21,
  67,
  226,
  197,
  247,
  105,
  182,
  32,
  198,
  226,
  120,
  137,
  115,
  159,
  151,
  6,
  239,
  4,
  228,
  36,
  50,
  102,
  182,
  241,
  120,
  212,
  160,
  177,
  78,
  0,
  80,
  49,
  192,
  131,
  231,
  182,
  85,
  140,
  136,
  155,
  29,
  189,
  27,
  81,
  172,
  247,
  128,
  203,
  160,
  167,
  60,
  155,
  134,
  180,
  216,
  200,
  236,
  87,
  41,
  67,
  119,
  199,
  91,
  136,
  2,
  201,
  175,
  92,
  74,
  214,
  109,
  101,
  242,
  67,
  31,
  95,
  42,
  26,
  168,
  17,
  179,
  235,
  57,
  181,
  106,
  74,
  234,
  213,
  114,
  252,
  142,
  27,
  212,
  145,
  30,
  70,
  49,
  41,
  207,
  109,
  210,
  87,
  253,
  32,
  67,
  136,
  160,
  175,
  146,
  34,
  43,
  183,
  134,
  18,
  22,
  215,
  136,
  124,
  22,
  207,
  69,
  39,
  209,
  15,
  11,
  50,
  94,
  134,
  198,
  117,
  222,
  101,
  37,
  169,
  56,
  49,
  59,
  150,
  25,
  59,
  90,
  136,
  23,
  66,
  189,
  139,
  211,
  62,
  24,
  22,
  109,
  148,
  116,
  71,
  209,
  51,
  122,
  251,
  255,
  175,
  156,
  168,
  64,
  225,
  73,
  95,
  193,
  64,
  125,
};

int ref_internal_state[2*ORDER] = {
  0,
  43561,
  2271853,
  141897200,
  714393192,
  -789361339,
  -562198810,
  -801442057,
  -351331983,
  -1969238486,
  -1220585596,
  774270504,
  -379894916,
  -1339400241,
  494784464,
  1539359729,
  1604408135,
  1718191766,
  -2017365514,
  430219374,
  -230139688,
  1634374075,
  -246043930,
  -988729579,
  937293986,
  -1489792085,
  215501594,
  233301062,
  1916945758,
  -2018330976,
  1049852643,
  -1643905016,
  1304615592,
  -80226253,
  1566215079,
  522614082,
  -758330104,
  935019774,
  1226083770,
  1373437408,
  -1642758526,
  133256704,
  -833311256,
  416053690,
  164107903,
  1983732355,
  -1760325149,
  -1326691748,
  1701311744,
  -5135036,
  -290591532,
  985463480,
  -640214322,
  -17057648,
  672601470,
  -1128512861,
  1415622280,
  1441295168,
  1992932808,
  25486328,
  384962738,
  1471069542,
  525844040,
  -1691049953,
  316126542,
  -1599257028,
  -1966414878,
  -567008455,
  1237133214,
  1171824601,
  2033010996,
  -1773501922,
  -1215924523,
  673104075,
  -2114705802,
  -1941685165,
  517230741,
  -1647250027,
  833973056,
  -626914209,
  -1655206752,
  -1261283393,
  1964972736,
  1710577594,
  927300210,
  -275492496,
  -1574621420,
  690008344,
  -1975724200,
  -601834355,
  -1664853360,
  97233216,
  -1356315276,
  959823902,
  1230232146,
  607008320,
  557636316,
  1453816689,
  48351920,
  712487720,
  214,
  109,
  101,
  242,
  67,
  31,
  95,
  42,
  26,
  168,
  17,
  179,
  235,
  57,
  181,
  106,
  74,
  234,
  213,
  114,
  252,
  142,
  27,
  212,
  145,
  30,
  70,
  49,
  41,
  207,
  109,
  210,
  87,
  253,
  32,
  67,
  136,
  160,
  175,
  146,
  34,
  43,
  183,
  134,
  18,
  22,
  215,
  136,
  124,
  22,
  207,
  69,
  39,
  209,
  15,
  11,
  50,
  94,
  134,
  198,
  117,
  222,
  101,
  37,
  169,
  56,
  49,
  59,
  150,
  25,
  59,
  90,
  136,
  23,
  66,
  189,
  139,
  211,
  62,
  24,
  22,
  109,
  148,
  116,
  71,
  209,
  51,
  122,
  251,
  255,
  175,
  156,
  168,
  64,
  225,
  73,
  95,
  193,
  64,
  125,
};
