//========================================================================
// cgra_ubmark-bf.dat
//========================================================================
// Data used in blowfish calculation

#define BF_ROUNDS 32

int niters = BF_ROUNDS;

// Randomly generated input arrays

unsigned long S[ 4*256 ] = {
  122,
  14,
  223,
  26,
  256,
  4,
  118,
  250,
  217,
  202,
  172,
  228,
  40,
  96,
  236,
  185,
  179,
  30,
  34,
  73,
  256,
  78,
  228,
  243,
  92,
  81,
  0,
  49,
  236,
  164,
  29,
  81,
  215,
  23,
  159,
  200,
  178,
  31,
  96,
  172,
  105,
  243,
  111,
  249,
  205,
  154,
  256,
  0,
  1,
  102,
  167,
  44,
  136,
  81,
  124,
  253,
  255,
  59,
  192,
  99,
  154,
  101,
  180,
  141,
  215,
  147,
  89,
  86,
  52,
  159,
  141,
  79,
  200,
  160,
  95,
  146,
  116,
  135,
  190,
  59,
  57,
  14,
  53,
  143,
  29,
  82,
  244,
  164,
  60,
  195,
  12,
  193,
  232,
  25,
  109,
  79,
  132,
  186,
  188,
  83,
  214,
  112,
  51,
  74,
  181,
  198,
  2,
  138,
  220,
  190,
  226,
  202,
  120,
  176,
  147,
  82,
  249,
  252,
  216,
  131,
  249,
  184,
  90,
  23,
  89,
  5,
  211,
  219,
  39,
  53,
  178,
  109,
  11,
  149,
  170,
  16,
  161,
  175,
  204,
  90,
  159,
  24,
  191,
  95,
  2,
  6,
  189,
  98,
  229,
  200,
  39,
  42,
  79,
  208,
  83,
  202,
  93,
  246,
  239,
  154,
  46,
  231,
  83,
  235,
  144,
  103,
  213,
  39,
  104,
  218,
  247,
  253,
  226,
  169,
  124,
  16,
  194,
  210,
  98,
  42,
  212,
  169,
  253,
  121,
  142,
  145,
  67,
  121,
  250,
  104,
  238,
  209,
  178,
  194,
  90,
  223,
  105,
  249,
  224,
  153,
  132,
  88,
  126,
  82,
  131,
  64,
  241,
  204,
  247,
  161,
  174,
  214,
  30,
  147,
  158,
  57,
  200,
  181,
  27,
  41,
  52,
  207,
  48,
  236,
  161,
  57,
  2,
  255,
  246,
  83,
  222,
  135,
  134,
  80,
  16,
  45,
  176,
  133,
  61,
  193,
  207,
  222,
  125,
  81,
  111,
  138,
  175,
  107,
  250,
  121,
  188,
  46,
  212,
  19,
  90,
  14,
  120,
  57,
  80,
  209,
  12,
  100,
  20,
  28,
  219,
  102,
  109,
  238,
  4,
  111,
  99,
  117,
  66,
  99,
  136,
  223,
  108,
  167,
  46,
  30,
  97,
  256,
  243,
  108,
  200,
  15,
  224,
  31,
  11,
  55,
  90,
  99,
  37,
  156,
  33,
  154,
  88,
  66,
  239,
  100,
  111,
  227,
  196,
  22,
  114,
  158,
  9,
  167,
  216,
  74,
  121,
  59,
  30,
  156,
  126,
  103,
  82,
  161,
  149,
  167,
  105,
  72,
  53,
  250,
  121,
  46,
  185,
  214,
  253,
  138,
  134,
  144,
  39,
  237,
  244,
  184,
  65,
  211,
  55,
  75,
  188,
  75,
  105,
  110,
  59,
  133,
  50,
  252,
  1,
  12,
  170,
  181,
  40,
  182,
  13,
  50,
  15,
  244,
  18,
  190,
  120,
  115,
  190,
  183,
  196,
  216,
  199,
  78,
  88,
  16,
  103,
  221,
  22,
  93,
  36,
  13,
  159,
  82,
  166,
  120,
  203,
  210,
  189,
  3,
  133,
  5,
  104,
  126,
  80,
  31,
  55,
  109,
  178,
  61,
  71,
  36,
  81,
  13,
  43,
  200,
  147,
  186,
  152,
  166,
  218,
  117,
  201,
  194,
  23,
  122,
  154,
  241,
  141,
  97,
  212,
  6,
  178,
  157,
  3,
  134,
  90,
  210,
  119,
  29,
  183,
  64,
  117,
  202,
  94,
  173,
  162,
  178,
  75,
  197,
  145,
  195,
  180,
  39,
  111,
  242,
  103,
  173,
  207,
  25,
  151,
  238,
  154,
  80,
  33,
  27,
  147,
  193,
  247,
  234,
  31,
  15,
  17,
  154,
  64,
  256,
  68,
  204,
  106,
  97,
  131,
  166,
  90,
  63,
  190,
  150,
  27,
  184,
  103,
  95,
  219,
  116,
  118,
  21,
  22,
  224,
  56,
  18,
  171,
  238,
  196,
  185,
  168,
  236,
  143,
  85,
  3,
  202,
  130,
  252,
  107,
  241,
  158,
  0,
  100,
  21,
  255,
  102,
  152,
  228,
  81,
  6,
  78,
  18,
  41,
  215,
  68,
  29,
  137,
  9,
  217,
  214,
  177,
  219,
  115,
  183,
  83,
  211,
  114,
  131,
  189,
  32,
  30,
  79,
  206,
  118,
  197,
  160,
  230,
  81,
  178,
  189,
  71,
  42,
  11,
  155,
  168,
  178,
  98,
  170,
  59,
  73,
  7,
  34,
  112,
  16,
  223,
  149,
  92,
  230,
  20,
  202,
  58,
  222,
  176,
  228,
  247,
  91,
  122,
  213,
  106,
  166,
  210,
  176,
  111,
  226,
  149,
  147,
  166,
  96,
  251,
  155,
  184,
  191,
  248,
  229,
  32,
  164,
  250,
  36,
  234,
  177,
  200,
  152,
  124,
  167,
  151,
  87,
  26,
  255,
  13,
  200,
  22,
  64,
  250,
  40,
  101,
  15,
  79,
  93,
  69,
  226,
  171,
  36,
  176,
  203,
  201,
  48,
  4,
  14,
  172,
  133,
  9,
  26,
  236,
  248,
  252,
  191,
  210,
  197,
  79,
  209,
  175,
  64,
  158,
  100,
  138,
  49,
  127,
  122,
  209,
  49,
  56,
  254,
  54,
  114,
  224,
  106,
  139,
  194,
  30,
  76,
  230,
  51,
  106,
  6,
  14,
  90,
  180,
  228,
  26,
  185,
  196,
  155,
  218,
  55,
  154,
  20,
  4,
  86,
  134,
  50,
  35,
  159,
  121,
  153,
  174,
  125,
  8,
  50,
  59,
  201,
  178,
  195,
  147,
  80,
  7,
  60,
  94,
  251,
  164,
  250,
  133,
  118,
  48,
  219,
  115,
  171,
  209,
  41,
  108,
  220,
  117,
  206,
  220,
  220,
  16,
  82,
  182,
  43,
  136,
  215,
  242,
  63,
  43,
  79,
  144,
  28,
  39,
  38,
  81,
  120,
  238,
  16,
  252,
  92,
  195,
  73,
  74,
  217,
  230,
  209,
  157,
  98,
  7,
  77,
  241,
  228,
  109,
  178,
  53,
  121,
  126,
  202,
  106,
  248,
  25,
  11,
  35,
  148,
  107,
  16,
  214,
  130,
  79,
  144,
  243,
  102,
  150,
  111,
  195,
  123,
  106,
  51,
  252,
  139,
  114,
  223,
  121,
  115,
  166,
  247,
  198,
  135,
  185,
  75,
  196,
  192,
  182,
  52,
  58,
  207,
  131,
  210,
  79,
  92,
  98,
  99,
  71,
  34,
  39,
  238,
  64,
  155,
  207,
  93,
  12,
  45,
  56,
  38,
  27,
  238,
  104,
  71,
  164,
  228,
  50,
  239,
  229,
  221,
  42,
  145,
  177,
  128,
  207,
  154,
  155,
  126,
  213,
  166,
  24,
  23,
  163,
  47,
  88,
  198,
  210,
  112,
  254,
  101,
  32,
  223,
  71,
  109,
  64,
  130,
  248,
  192,
  191,
  188,
  248,
  64,
  222,
  42,
  15,
  220,
  169,
  67,
  210,
  98,
  9,
  84,
  162,
  93,
  195,
  11,
  112,
  229,
  215,
  156,
  79,
  117,
  88,
  16,
  203,
  202,
  187,
  174,
  41,
  84,
  6,
  90,
  137,
  247,
  19,
  213,
  57,
  248,
  187,
  142,
  121,
  94,
  223,
  240,
  240,
  185,
  24,
  65,
  135,
  116,
  166,
  86,
  76,
  198,
  222,
  110,
  139,
  176,
  50,
  8,
  57,
  183,
  224,
  25,
  240,
  91,
  58,
  216,
  56,
  25,
  137,
  11,
  202,
  13,
  199,
  180,
  125,
  235,
  88,
  132,
  167,
  41,
  184,
  253,
  93,
  183,
  87,
  124,
  134,
  134,
  175,
  51,
  177,
  89,
  224,
  146,
  103,
  80,
  60,
  161,
  73,
  232,
  44,
  43,
  114,
  109,
  84,
  158,
  139,
  181,
  142,
  24,
  187,
  164,
  213,
  236,
  237,
  22,
  222,
  86,
  241,
  52,
  15,
  163,
  75,
  0,
  195,
  39,
  5,
  80,
  39,
  100,
  230,
  135,
  30,
  117,
  78,
  24,
  176,
  26,
  66,
  96,
  49,
  109,
  5,
  91,
  138,
  37,
  241,
  211,
  164,
  16,
  113,
  99,
  248,
  223,
  201,
  29,
  154,
  200,
  201,
  12,
  164,
  140,
  123,
  90,
  20,
  118,
  67,
  30,
  65,
  131,
  252,
  18,
  14,
  213,
  7,
  207,
  21,
  48,
  225,
  122,
  122,
  27,
  113,
  48,
  1,
  161,
  26,
  141,
};

unsigned long P[ BF_ROUNDS+2 ] = {
  120,
  137,
  30,
  156,
  91,
  9,
  252,
  100,
  133,
  33,
  237,
  97,
  176,
  81,
  203,
  227,
  252,
  237,
  213,
  74,
  226,
  15,
  16,
  222,
  247,
  25,
  184,
  89,
  102,
  233,
  5,
  11,
  154,
  229,
};

unsigned long data[2] = {
  0x9D3445AA,
  0xAE4555BB,
};

unsigned long ref_data[2] = {
  2923779736,
  2637448639,
};
