#define N 100

int target = N;

int data[N] = {
  42,
  42,
  42,
  42,
  42,
  42,
  42,
  42,
  42,
  42,
  42,
  42,
  42,
  42,
  42,
  42,
  42,
  42,
  42,
  42,
  42,
  42,
  42,
  42,
  42,
  42,
  42,
  42,
  42,
  42,
  42,
  42,
  42,
  42,
  42,
  42,
  42,
  42,
  42,
  42,
  42,
  42,
  42,
  42,
  42,
  42,
  42,
  42,
  42,
  42,
  42,
  42,
  42,
  42,
  42,
  42,
  42,
  42,
  42,
  42,
  42,
  42,
  42,
  42,
  42,
  42,
  42,
  42,
  42,
  42,
  42,
  42,
  42,
  42,
  42,
  42,
  42,
  42,
  42,
  42,
  42,
  42,
  42,
  42,
  42,
  42,
  42,
  42,
  42,
  42,
  42,
  42,
  42,
  42,
  42,
  42,
  42,
  42,
  42,
  N
};

int index[N] = {
  14,
  88,
  35,
  19,
  92,
  71,
  48,
  47,
  30,
  87,
  74,
  66,
  31,
  90,
  8,
  73,
  95,
  37,
  40,
  36,
  16,
  94,
  43,
  89,
  99,
  85,
  52,
  6,
  53,
  96,
  93,
  70,
  55,
  63,
  28,
  15,
  56,
  49,
  62,
  72,
  59,
  9,
  1,
  54,
  17,
  46,
  60,
  29,
  83,
  86,
  78,
  50,
  33,
  67,
  65,
  44,
  3,
  82,
  24,
  42,
  2,
  34,
  77,
  11,
  76,
  81,
  79,
  12,
  20,
  69,
  0,
  80,
  45,
  5,
  27,
  39,
  41,
  51,
  25,
  7,
  97,
  64,
  22,
  61,
  91,
  23,
  58,
  57,
  26,
  98,
  13,
  84,
  68,
  21,
  32,
  10,
  18,
  4,
  38,
  75
};
